Input: ['this', 'is', 'true', 'lol', 'but', 'it', 'is', 'still', 'a', 'slap', 'in', 'the', 'face', 'after', 'such', 'a', 'warm', 'end', 'of', 'march']
KNN, Window Size: 30, 5
Original output (confidence): 0 (0.681016206741333)
Minimal Expl: [5, 6, 7, 8, 9, 10, 11, 12, 13, 14, 15, 16, 17, 18, 19, 20, 21, 22, 23, 24, 25, 26, 27, 28, 29, 30, 31, 32, 33, 34, 35, 36, 37, 38, 39, 40, 41, 42, 43, 44, 45, 46, 47, 48, 49, 55, 56, 57, 58, 59, 60, 61, 62, 63, 64, 65, 66, 67, 68, 69, 70, 71, 72, 73, 74, 75, 76, 77, 78, 79, 80, 81, 82, 83, 84, 85, 86, 87, 88, 89, 90, 91, 92, 93, 94, 95, 96, 97, 98, 99]
Exec Time: 965.5336949825287

Input: ['have', 'a', 'great', 'time', 'tonight', 'guys', 'looks', 'like', 'it', 'will', 'be', 'massive', 'i', 'have', 'girlfriend', 'night', 'but', 'wish', 'you', 'all', 'the', 'best']
KNN, Window Size: 30, 5
Original output (confidence): 0 (0.6536306738853455)
Minimal Expl: [5, 6, 7, 8, 9, 10, 11, 12, 13, 14, 15, 16, 17, 18, 19, 20, 21, 22, 23, 24, 30, 31, 32, 33, 34, 35, 36, 37, 38, 39, 40, 41, 42, 43, 44, 45, 46, 47, 48, 49, 50, 51, 52, 53, 54, 55, 56, 57, 58, 59, 60, 61, 62, 63, 64, 65, 66, 67, 68, 69, 70, 71, 72, 73, 74, 75, 76, 77, 78, 79, 80, 81, 82, 83, 84, 85, 86, 87, 88, 89, 90, 91, 92, 93, 94, 95, 96, 97, 98, 99, 100, 101, 102, 103, 104, 105, 106, 107, 108, 109]
Exec Time: 616.2483172416687

Input: ['wow!!', 'i', 'actually', 'want', 'to', 'read', 'right', 'now', '...', '', 'weird!!!', '', 'i', 'know', 'someone', 'would', 'be', 'happy!!', 'hahaha', ';)']
KNN, Window Size: 30, 5
Original output (confidence): 0 (0.5704842209815979)
Minimal Expl: [5, 6, 7, 8, 9, 10, 11, 12, 13, 14, 15, 16, 17, 18, 19, 20, 21, 22, 23, 24, 25, 26, 27, 28, 29, 30, 31, 32, 33, 34, 35, 36, 37, 38, 39, 40, 41, 42, 43, 44, 50, 51, 52, 53, 54, 55, 56, 57, 58, 59, 60, 61, 62, 63, 64, 65, 66, 67, 68, 69, 70, 71, 72, 73, 74, 75, 76, 77, 78, 79, 80, 81, 82, 83, 84, 85, 86, 87, 88, 89, 90, 91, 92, 93, 94, 95, 96, 97, 98, 99, 110, 111, 112, 113, 114, 115, 116, 117, 118, 119]
Exec Time: 1351.7908277511597

Input: ['is', 'up', 'and', 'off', 'to', 'get', 'in', 'the', 'shower', 'hope', 'everything', 'runs', 'smoothly', 'today']
KNN, Window Size: 30, 5
Original output (confidence): 1 (0.6316155195236206)
Minimal Expl: [0, 1, 2, 3, 4, 5, 6, 7, 8, 9, 10, 11, 12, 13, 14, 15, 16, 17, 18, 19, 20, 21, 22, 23, 24, 25, 26, 27, 28, 29, 30, 31, 32, 33, 34, 35, 36, 37, 38, 39, 40, 41, 42, 43, 44, 45, 46, 47, 48, 49, 50, 51, 52, 53, 54, 55, 56, 57, 58, 59, 60, 61, 62, 63, 64, 65, 66, 67, 68, 69]
Exec Time: 2367.4158997535706

Input: ['so', 'your', 'entire', 'day', 'was', 'spent', 'doing', 'chores', 'ay??!!', 'that', 'sounds', 'like', 'sooo', 'much', 'fun']
KNN, Window Size: 30, 5
Original output (confidence): 1 (0.5090488195419312)
Minimal Expl: [0, 1, 2, 3, 4, 5, 6, 7, 8, 9, 10, 11, 12, 13, 14, 15, 16, 17, 18, 19, 20, 21, 22, 23, 24, 25, 26, 27, 28, 29, 30, 31, 32, 33, 34, 35, 36, 37, 38, 39, 40, 41, 42, 43, 44, 45, 46, 47, 48, 49, 50, 51, 52, 53, 54, 55, 56, 57, 58, 59, 60, 61, 62, 63, 64, 65, 66, 67, 68, 69, 70, 71, 72, 73, 74, 75, 76, 77, 78, 79, 80, 81, 82, 83, 84, 85, 86, 87, 88, 89, 90, 91, 92, 93, 94, 95, 96, 97, 98, 99, 105, 106, 107, 108, 109]
Exec Time: 75.08969640731812

Input: ['eating', 'breakfast', 'then', 'later', 'i', 'am', 'gonna', 'freshen', 'myself', 'up', 'cause', 'we', 'are', 'going', 'to', 'city', 'center', 'today']
KNN, Window Size: 30, 5
Original output (confidence): 0 (0.5246413350105286)
Minimal Expl: [0, 1, 2, 3, 4, 5, 6, 7, 8, 9, 10, 11, 12, 13, 14, 15, 16, 17, 18, 19, 20, 21, 22, 23, 24, 25, 26, 27, 28, 29, 30, 31, 32, 33, 34, 35, 36, 37, 38, 39, 40, 41, 42, 43, 44, 45, 46, 47, 48, 49, 50, 51, 52, 53, 54, 55, 56, 57, 58, 59, 60, 61, 62, 63, 64, 65, 66, 67, 68, 69, 70, 71, 72, 73, 74, 75, 76, 77, 78, 79, 80, 81, 82, 83, 84, 85, 86, 87, 88, 89, 90, 91, 92, 93, 94, 95, 96, 97, 98, 99, 105, 106, 107, 108, 109, 110, 111, 112, 113, 114, 115, 116, 117, 118, 119]
Exec Time: 90.17437863349915

Input: ['cant', 'wait', 'till', 'i', 'have', 'a', 'friend', 'who', 'is', 'expecting', 'so', 'i', 'can', 'give', 'them', 'such', 'a', 'beautifully', 'presented', 'gift', 'box', 'of', 'lovelyness']
KNN, Window Size: 30, 5
Original output (confidence): 1 (0.6729056239128113)
Minimal Expl: [0, 1, 2, 3, 4, 5, 6, 7, 8, 9, 10, 11, 12, 13, 14, 15, 16, 17, 18, 19, 20, 21, 22, 23, 24, 25, 26, 27, 28, 29, 30, 31, 32, 33, 34, 35, 36, 37, 38, 39, 40, 41, 42, 43, 44, 45, 46, 47, 48, 49, 50, 51, 52, 53, 54, 55, 56, 57, 58, 59, 60, 61, 62, 63, 64, 65, 66, 67, 68, 69, 75, 76, 77, 78, 79, 80, 81, 82, 83, 84, 85, 86, 87, 88, 89, 90, 91, 92, 93, 94, 95, 96, 97, 98, 99, 105, 106, 107, 108, 109]
Exec Time: 632.7567164897919

Input: ['pleasure', 'to', 'meet', 'you', 'as', 'well!', '', 'it', 'is', 'always', 'good', 'to', 'be', 'connected', 'with', 'a', 'heart', 'specialist!']
KNN, Window Size: 30, 5
Original output (confidence): 1 (0.9092328548431396)
Minimal Expl: [0, 1, 2, 3, 4, 5, 6, 7, 8, 9, 10, 11, 12, 13, 14, 15, 16, 17, 18, 19, 35, 36, 37, 38, 39, 40, 41, 42, 43, 44, 50, 51, 52, 53, 54, 55, 56, 57, 58, 59, 60, 61, 62, 63, 64, 65, 66, 67, 68, 69, 70, 71, 72, 73, 74, 80, 81, 82, 83, 84]
Exec Time: 7858.647930860519

Input: ['this', 'is', 'true', 'lol', 'but', 'it', 'is', 'still', 'a', 'slap', 'in', 'the', 'face', 'after', 'such', 'a', 'warm', 'end', 'of', 'march']
KNN, Window Size: 25, 5
Original output (confidence): 0 (0.681016206741333)
Minimal Expl: [5, 6, 7, 8, 9, 10, 11, 12, 13, 14, 15, 16, 17, 18, 19, 20, 21, 22, 23, 24, 25, 26, 27, 28, 29, 30, 31, 32, 33, 34, 35, 36, 37, 38, 39, 40, 41, 42, 43, 44, 45, 46, 47, 48, 49, 50, 51, 52, 53, 54, 55, 56, 57, 58, 59, 60, 61, 62, 63, 64, 65, 66, 67, 68, 69, 70, 71, 72, 73, 74, 80, 81, 82, 83, 84, 85, 86, 87, 88, 89, 90, 91, 92, 93, 94, 95, 96, 97, 98, 99]
Exec Time: 1444.8635685443878

Input: ['just', 'got', 'done', 'watching', 'the', 'new', 'house', 'episode', 'definitely', 'one', 'of', 'the', 'saddest', 'episodes', 'ever']
KNN, Window Size: 25, 5
Original output (confidence): 0 (0.9516971707344055)
Minimal Expl: [15, 16, 17, 18, 19, 20, 21, 22, 23, 24, 25, 26, 27, 28, 29, 30, 31, 32, 33, 34, 35, 36, 37, 38, 39, 40, 41, 42, 43, 44, 45, 46, 47, 48, 49, 55, 56, 57, 58, 59, 60, 61, 62, 63, 64, 65, 66, 67, 68, 69]
Exec Time: 40950.750462293625

Input: ['have', 'a', 'great', 'time', 'tonight', 'guys', 'looks', 'like', 'it', 'will', 'be', 'massive', 'i', 'have', 'girlfriend', 'night', 'but', 'wish', 'you', 'all', 'the', 'best']
KNN, Window Size: 25, 5
Original output (confidence): 0 (0.6536306738853455)
Minimal Expl: [5, 6, 7, 8, 9, 10, 11, 12, 13, 14, 15, 16, 17, 18, 19, 20, 21, 22, 23, 24, 30, 31, 32, 33, 34, 35, 36, 37, 38, 39, 40, 41, 42, 43, 44, 45, 46, 47, 48, 49, 50, 51, 52, 53, 54, 55, 56, 57, 58, 59, 60, 61, 62, 63, 64, 65, 66, 67, 68, 69, 70, 71, 72, 73, 74, 75, 76, 77, 78, 79, 80, 81, 82, 83, 84, 85, 86, 87, 88, 89, 90, 91, 92, 93, 94, 95, 96, 97, 98, 99, 100, 101, 102, 103, 104, 105, 106, 107, 108, 109]
Exec Time: 669.5143983364105

Input: ['wow!!', 'i', 'actually', 'want', 'to', 'read', 'right', 'now', '...', '', 'weird!!!', '', 'i', 'know', 'someone', 'would', 'be', 'happy!!', 'hahaha', ';)']
KNN, Window Size: 25, 5
Original output (confidence): 0 (0.5704842209815979)
Minimal Expl: [5, 6, 7, 8, 9, 10, 11, 12, 13, 14, 15, 16, 17, 18, 19, 20, 21, 22, 23, 24, 25, 26, 27, 28, 29, 30, 31, 32, 33, 34, 35, 36, 37, 38, 39, 40, 41, 42, 43, 44, 50, 51, 52, 53, 54, 55, 56, 57, 58, 59, 60, 61, 62, 63, 64, 65, 66, 67, 68, 69, 70, 71, 72, 73, 74, 75, 76, 77, 78, 79, 80, 81, 82, 83, 84, 85, 86, 87, 88, 89, 90, 91, 92, 93, 94, 95, 96, 97, 98, 99, 115, 116, 117, 118, 119]
Exec Time: 1369.119642496109

Input: ['is', 'up', 'and', 'off', 'to', 'get', 'in', 'the', 'shower', 'hope', 'everything', 'runs', 'smoothly', 'today']
KNN, Window Size: 25, 5
Original output (confidence): 1 (0.6316155195236206)
Minimal Expl: [0, 1, 2, 3, 4, 5, 6, 7, 8, 9, 10, 11, 12, 13, 14, 15, 16, 17, 18, 19, 20, 21, 22, 23, 24, 25, 26, 27, 28, 29, 30, 31, 32, 33, 34, 35, 36, 37, 38, 39, 40, 41, 42, 43, 44, 45, 46, 47, 48, 49, 50, 51, 52, 53, 54, 55, 56, 57, 58, 59, 60, 61, 62, 63, 64, 65, 66, 67, 68, 69]
Exec Time: 4499.884537935257

Input: ['so', 'your', 'entire', 'day', 'was', 'spent', 'doing', 'chores', 'ay??!!', 'that', 'sounds', 'like', 'sooo', 'much', 'fun']
KNN, Window Size: 25, 5
Original output (confidence): 1 (0.5090488195419312)
Minimal Expl: [0, 1, 2, 3, 4, 5, 6, 7, 8, 9, 10, 11, 12, 13, 14, 15, 16, 17, 18, 19, 20, 21, 22, 23, 24, 25, 26, 27, 28, 29, 30, 31, 32, 33, 34, 35, 36, 37, 38, 39, 40, 41, 42, 43, 44, 45, 46, 47, 48, 49, 50, 51, 52, 53, 54, 55, 56, 57, 58, 59, 60, 61, 62, 63, 64, 65, 66, 67, 68, 69, 70, 71, 72, 73, 74, 75, 76, 77, 78, 79, 80, 81, 82, 83, 84, 85, 86, 87, 88, 89, 90, 91, 92, 93, 94, 95, 96, 97, 98, 99, 105, 106, 107, 108, 109]
Exec Time: 68.8311562538147

Input: ['eating', 'breakfast', 'then', 'later', 'i', 'am', 'gonna', 'freshen', 'myself', 'up', 'cause', 'we', 'are', 'going', 'to', 'city', 'center', 'today']
KNN, Window Size: 25, 5
Original output (confidence): 0 (0.5246413350105286)
Minimal Expl: [0, 1, 2, 3, 4, 5, 6, 7, 8, 9, 10, 11, 12, 13, 14, 15, 16, 17, 18, 19, 20, 21, 22, 23, 24, 25, 26, 27, 28, 29, 30, 31, 32, 33, 34, 35, 36, 37, 38, 39, 40, 41, 42, 43, 44, 45, 46, 47, 48, 49, 50, 51, 52, 53, 54, 55, 56, 57, 58, 59, 60, 61, 62, 63, 64, 65, 66, 67, 68, 69, 70, 71, 72, 73, 74, 75, 76, 77, 78, 79, 80, 81, 82, 83, 84, 85, 86, 87, 88, 89, 90, 91, 92, 93, 94, 105, 106, 107, 108, 109, 110, 111, 112, 113, 114, 115, 116, 117, 118, 119, 120, 121, 122, 123, 124]
Exec Time: 99.0591835975647

Input: ['cant', 'wait', 'till', 'i', 'have', 'a', 'friend', 'who', 'is', 'expecting', 'so', 'i', 'can', 'give', 'them', 'such', 'a', 'beautifully', 'presented', 'gift', 'box', 'of', 'lovelyness']
KNN, Window Size: 25, 5
Original output (confidence): 1 (0.6729056239128113)
Minimal Expl: [0, 1, 2, 3, 4, 5, 6, 7, 8, 9, 10, 11, 12, 13, 14, 15, 16, 17, 18, 19, 20, 21, 22, 23, 24, 25, 26, 27, 28, 29, 30, 31, 32, 33, 34, 35, 36, 37, 38, 39, 40, 41, 42, 43, 44, 45, 46, 47, 48, 49, 50, 51, 52, 53, 54, 55, 56, 57, 58, 59, 60, 61, 62, 63, 64, 65, 66, 67, 68, 69, 75, 76, 77, 78, 79, 80, 81, 82, 83, 84, 85, 86, 87, 88, 89, 90, 91, 92, 93, 94, 95, 96, 97, 98, 99, 105, 106, 107, 108, 109]
Exec Time: 601.1911342144012

Input: ['so', 'your', 'entire', 'day', 'was', 'spent', 'doing', 'chores', 'ay??!!', 'that', 'sounds', 'like', 'sooo', 'much', 'fun']
KNN, Window Size: 25, 5
Original output (confidence): 1 (0.5090488195419312)
Minimal Expl: [0, 1, 2, 3, 4, 5, 6, 7, 8, 9, 10, 11, 12, 13, 14, 15, 16, 17, 18, 19, 20, 21, 22, 23, 24, 25, 26, 27, 28, 29, 30, 31, 32, 33, 34, 35, 36, 37, 38, 39, 40, 41, 42, 43, 44, 45, 46, 47, 48, 49, 50, 51, 52, 53, 54, 55, 56, 57, 58, 59, 60, 61, 62, 63, 64, 65, 66, 67, 68, 69, 70, 71, 72, 73, 74, 75, 76, 77, 78, 79, 80, 81, 82, 83, 84, 85, 86, 87, 88, 89, 90, 91, 92, 93, 94, 95, 96, 97, 98, 99, 105, 106, 107, 108, 109]
Exec Time: 71.22097253799438

Input: ['eating', 'breakfast', 'then', 'later', 'i', 'am', 'gonna', 'freshen', 'myself', 'up', 'cause', 'we', 'are', 'going', 'to', 'city', 'center', 'today']
KNN, Window Size: 25, 5
Original output (confidence): 0 (0.5246413350105286)
Minimal Expl: [0, 1, 2, 3, 4, 5, 6, 7, 8, 9, 10, 11, 12, 13, 14, 15, 16, 17, 18, 19, 20, 21, 22, 23, 24, 25, 26, 27, 28, 29, 30, 31, 32, 33, 34, 35, 36, 37, 38, 39, 40, 41, 42, 43, 44, 45, 46, 47, 48, 49, 50, 51, 52, 53, 54, 55, 56, 57, 58, 59, 60, 61, 62, 63, 64, 65, 66, 67, 68, 69, 70, 71, 72, 73, 74, 75, 76, 77, 78, 79, 80, 81, 82, 83, 84, 85, 86, 87, 88, 89, 90, 91, 92, 93, 94, 105, 106, 107, 108, 109, 110, 111, 112, 113, 114, 115, 116, 117, 118, 119, 120, 121, 122, 123, 124]
Exec Time: 102.68428301811218

Input: ['cant', 'wait', 'till', 'i', 'have', 'a', 'friend', 'who', 'is', 'expecting', 'so', 'i', 'can', 'give', 'them', 'such', 'a', 'beautifully', 'presented', 'gift', 'box', 'of', 'lovelyness']
KNN, Window Size: 25, 5
Original output (confidence): 1 (0.6729056239128113)
Minimal Expl: [0, 1, 2, 3, 4, 5, 6, 7, 8, 9, 10, 11, 12, 13, 14, 15, 16, 17, 18, 19, 20, 21, 22, 23, 24, 25, 26, 27, 28, 29, 30, 31, 32, 33, 34, 35, 36, 37, 38, 39, 40, 41, 42, 43, 44, 45, 46, 47, 48, 49, 50, 51, 52, 53, 54, 55, 56, 57, 58, 59, 60, 61, 62, 63, 64, 65, 66, 67, 68, 69, 75, 76, 77, 78, 79, 80, 81, 82, 83, 84, 85, 86, 87, 88, 89, 90, 91, 92, 93, 94, 95, 96, 97, 98, 99, 105, 106, 107, 108, 109]
Exec Time: 620.7395255565643

Input: ['i', 'am', 'doing', 'the', 'time', 'warp', 'without', 'you', 'and', 'am', 'sad']
KNN, Window Size: 25, 5
Original output (confidence): 0 (0.9649789333343506)
Minimal Expl: [5, 6, 7, 8, 9, 25, 26, 27, 28, 29, 30, 31, 32, 33, 34, 35, 36, 37, 38, 39, 45, 46, 47, 48, 49, 50, 51, 52, 53, 54]
Exec Time: 112079.17188835144

Input: ['time', 'to', 'come', 'back', 'to', 'flawda', 'for', 'double', 'dates!', 'no', 'seriously', 'i', 'am', 'sorry', 'to', 'hear', 'that']
KNN, Window Size: 25, 5
Original output (confidence): 0 (0.9730200171470642)
Minimal Expl: [30, 31, 32, 33, 34, 35, 36, 37, 38, 39, 45, 46, 47, 48, 49, 50, 51, 52, 53, 54, 55, 56, 57, 58, 59, 60, 61, 62, 63, 64, 65, 66, 67, 68, 69, 70, 71, 72, 73, 74, 80, 81, 82, 83, 84]
Exec Time: 113722.26586556435

Input: ['watching', 'dvd', 'all', 'day', 'long', 'hmm', 'discover', 'some', 'new', 'hottie', 'boys']
KNN, Window Size: 25, 5
Original output (confidence): 1 (0.8067275285720825)
Minimal Expl: [0, 1, 2, 3, 4, 5, 6, 7, 8, 9, 10, 11, 12, 13, 14, 20, 21, 22, 23, 24, 25, 26, 27, 28, 29, 30, 31, 32, 33, 34, 35, 36, 37, 38, 39, 40, 41, 42, 43, 44, 45, 46, 47, 48, 49, 50, 51, 52, 53, 54]
Exec Time: 56911.08280491829

Input: ['great', 'site', 'and', 'i', 'like', 'the', 'angel', 'part']
KNN, Window Size: 25, 5
Original output (confidence): 1 (0.6246880292892456)
Minimal Expl: [0, 1, 2, 3, 4, 5, 6, 7, 8, 9, 10, 11, 12, 13, 14, 15, 16, 17, 18, 19, 20, 21, 22, 23, 24, 25, 26, 27, 28, 29, 30, 31, 32, 33, 34, 35, 36, 37, 38, 39, 40, 41, 42, 43, 44, 55, 56, 57, 58, 59, 60, 61, 62, 63, 64]
Exec Time: 89111.0245707035

Input: ['you', 'are', 'a', 'gentleman!', 'thank', 'you', 'for', 'your', 'kind', 'words']
KNN, Window Size: 25, 5
Original output (confidence): 1 (0.9386129975318909)
Minimal Expl: [5, 6, 7, 8, 9, 20, 21, 22, 23, 24, 25, 26, 27, 28, 29, 30, 31, 32, 33, 34, 35, 36, 37, 38, 39, 40, 41, 42, 43, 44]
Exec Time: 107111.478317976

Input: ['you', 'are', 'a', 'gentleman!', 'thank', 'you', 'for', 'your', 'kind', 'words']
KNN, Window Size: 25, 5
Original output (confidence): 1 (0.9386129975318909)
Minimal Expl: [5, 6, 7, 8, 9, 20, 21, 22, 23, 24, 25, 26, 27, 28, 29, 30, 31, 32, 33, 34, 35, 36, 37, 38, 39, 40, 41, 42, 43, 44]
Exec Time: 108188.03358149529

Input: ['i', 'couldnt', 'bear', 'to', 'watch', 'it', '', 'and', 'i', 'thought', 'the', 'ua', 'loss', 'was', 'embarrassing', '...']
KNN, Window Size: 20, 5
Original output (confidence): 0 (0.9719855785369873)
Minimal Expl: [5, 6, 7, 8, 9, 35, 36, 37, 38, 39, 40, 41, 42, 43, 44, 45, 46, 47, 48, 49, 55, 56, 57, 58, 59, 60, 61, 62, 63, 64, 65, 66, 67, 68, 69, 70, 71, 72, 73, 74]
Exec Time: 42536.2061958313

Input: ['i', 'couldnt', 'bear', 'to', 'watch', 'it', '', 'and', 'i', 'thought', 'the', 'ua', 'loss', 'was', 'embarrassing', '...']
KNN, Window Size: 25, 5
Original output (confidence): 0 (0.9719855785369873)
Minimal Expl: [5, 6, 7, 8, 9, 25, 26, 27, 28, 29, 35, 36, 37, 38, 39, 40, 41, 42, 43, 44, 45, 46, 47, 48, 49, 55, 56, 57, 58, 59, 60, 61, 62, 63, 64, 65, 66, 67, 68, 69, 70, 71, 72, 73, 74]
Exec Time: 44210.49370241165

Input: ['i', 'couldnt', 'bear', 'to', 'watch', 'it', '', 'and', 'i', 'thought', 'the', 'ua', 'loss', 'was', 'embarrassing', '...']
KNN, Window Size: 40, 5
Original output (confidence): 0 (0.9719855785369873)
Minimal Expl: [5, 6, 7, 8, 9, 20, 21, 22, 23, 24, 25, 26, 27, 28, 29, 35, 36, 37, 38, 39, 40, 41, 42, 43, 44, 45, 46, 47, 48, 49, 55, 56, 57, 58, 59, 60, 61, 62, 63, 64, 65, 66, 67, 68, 69, 70, 71, 72, 73, 74]
Exec Time: 45349.00433564186

Input: ['i', 'couldnt', 'bear', 'to', 'watch', 'it', '', 'and', 'i', 'thought', 'the', 'ua', 'loss', 'was', 'embarrassing', '...']
KNN, Window Size: 35, 5
Original output (confidence): 0 (0.9719855785369873)
Minimal Expl: [5, 6, 7, 8, 9, 15, 16, 17, 18, 19, 25, 26, 27, 28, 29, 35, 36, 37, 38, 39, 40, 41, 42, 43, 44, 45, 46, 47, 48, 49, 55, 56, 57, 58, 59, 60, 61, 62, 63, 64, 65, 66, 67, 68, 69, 70, 71, 72, 73, 74]
Exec Time: 53888.48407483101

Input: ['i', 'couldnt', 'bear', 'to', 'watch', 'it', '', 'and', 'i', 'thought', 'the', 'ua', 'loss', 'was', 'embarrassing', '...']
KNN, Window Size: 30, 5
Original output (confidence): 0 (0.9719855785369873)
Minimal Expl: [5, 6, 7, 8, 9, 25, 26, 27, 28, 29, 35, 36, 37, 38, 39, 40, 41, 42, 43, 44, 45, 46, 47, 48, 49, 50, 51, 52, 53, 54, 55, 56, 57, 58, 59, 60, 61, 62, 63, 64, 65, 66, 67, 68, 69, 70, 71, 72, 73, 74]
Exec Time: 60761.75734639168

Input: ['i', 'couldnt', 'bear', 'to', 'watch', 'it', '', 'and', 'i', 'thought', 'the', 'ua', 'loss', 'was', 'embarrassing', '...']
KNN, Window Size: 30, 5
Original output (confidence): 0 (0.9719855785369873)
Minimal Expl: [5, 6, 7, 8, 9, 25, 26, 27, 28, 29, 35, 36, 37, 38, 39, 40, 41, 42, 43, 44, 45, 46, 47, 48, 49, 50, 51, 52, 53, 54, 55, 56, 57, 58, 59, 60, 61, 62, 63, 64, 65, 66, 67, 68, 69, 70, 71, 72, 73, 74]
Exec Time: 63241.40196967125
----------------------------------------------------------------exclude


Input: ['i', 'couldnt', 'bear', 'to', 'watch', 'it', '', 'and', 'i', 'thought', 'the', 'ua', 'loss', 'was', 'embarrassing', '...']
KNN, Window Size: 15, 5
Original output (confidence): 0 (0.9719855785369873)
Minimal Expl: [0, 1, 2, 3, 4, 5, 6, 7, 8, 9, 10, 11, 12, 13, 14, 15, 16, 17, 18, 19, 20, 21, 22, 23, 24, 25, 26, 27, 28, 29, 30, 31, 32, 33, 34, 35, 36, 37, 38, 39, 40, 41, 42, 43, 44, 45, 46, 47, 48, 49, 50, 51, 52, 53, 54, 55, 56, 57, 58, 59, 60, 61, 62, 63, 64, 65, 66, 67, 68, 69, 70, 71, 72, 73, 74, 75, 76, 77, 78, 79, 80, 81, 82, 83, 84, 85, 86, 87, 88, 89, 90, 91, 92, 93, 94, 95, 96, 97, 98, 99, 100, 101, 102, 103, 104, 105, 106, 107, 108, 109, 110, 111, 112, 113, 114, 115, 116, 117, 118, 119, 120, 121, 122, 123, 124]
Exec Time: 2011.248173713684

Input: ['i', 'couldnt', 'bear', 'to', 'watch', 'it', '', 'and', 'i', 'thought', 'the', 'ua', 'loss', 'was', 'embarrassing', '...']
KNN, Window Size: 25, 5
Original output (confidence): 0 (0.9719855785369873)
Minimal Expl: [0, 1, 2, 3, 4, 5, 6, 7, 8, 9, 10, 11, 12, 13, 14, 15, 16, 17, 18, 19, 20, 21, 22, 23, 24, 25, 26, 27, 28, 29, 30, 31, 32, 33, 34, 35, 36, 37, 38, 39, 40, 41, 42, 43, 44, 45, 46, 47, 48, 49, 50, 51, 52, 53, 54, 55, 56, 57, 58, 59, 60, 61, 62, 63, 64, 65, 66, 67, 68, 69, 70, 71, 72, 73, 74, 75, 76, 77, 78, 79, 80, 81, 82, 83, 84, 85, 86, 87, 88, 89, 90, 91, 92, 93, 94, 95, 96, 97, 98, 99, 100, 101, 102, 103, 104, 105, 106, 107, 108, 109, 110, 111, 112, 113, 114, 115, 116, 117, 118, 119, 120, 121, 122, 123, 124]
Exec Time: 6654.567047834396

Input: ['i', 'couldnt', 'bear', 'to', 'watch', 'it', '', 'and', 'i', 'thought', 'the', 'ua', 'loss', 'was', 'embarrassing', '...']
KNN, Window Size: 8, 5
Original output (confidence): 0 (0.9719855785369873)
Minimal Expl: [5, 6, 7, 8, 9, 25, 26, 27, 28, 29, 35, 36, 37, 38, 39, 40, 41, 42, 43, 44, 55, 56, 57, 58, 59, 60, 61, 62, 63, 64, 65, 66, 67, 68, 69]
Exec Time: 23893.71019601822

Input: ['i', 'couldnt', 'bear', 'to', 'watch', 'it', '', 'and', 'i', 'thought', 'the', 'ua', 'loss', 'was', 'embarrassing', '...']
KNN, Window Size: 30, 5
Original output (confidence): 0 (0.9719855785369873)
Minimal Expl: [0, 1, 2, 3, 4, 5, 6, 7, 8, 9, 10, 11, 12, 13, 14, 15, 16, 17, 18, 19, 20, 21, 22, 23, 24, 25, 26, 27, 28, 29, 30, 31, 32, 33, 34, 35, 36, 37, 38, 39, 40, 41, 42, 43, 44, 45, 46, 47, 48, 49, 50, 51, 52, 53, 54, 55, 56, 57, 58, 59, 60, 61, 62, 63, 64, 65, 66, 67, 68, 69, 70, 71, 72, 73, 74, 75, 76, 77, 78, 79, 80, 81, 82, 83, 84, 85, 86, 87, 88, 89, 90, 91, 92, 93, 94, 95, 96, 97, 98, 99, 100, 101, 102, 103, 104, 105, 106, 107, 108, 109, 110, 111, 112, 113, 114, 115, 116, 117, 118, 119, 120, 121, 122, 123, 124]
Exec Time: 25727.617249250412

---------------------------------------------------------------- bugs in the model
